
                         STARTING VALUES
  1.5319      0.20556      0.30295      0.12238       26.420      0.41740E-02  0.60974      0.68098E-02  0.37119E-01 

                         INITIAL STEP LENGTH
  1.7325      0.50000      0.72004E-01  0.22727       25.000      0.58000E-01  0.30000      0.44500E-01   1.8802     

                         LOWER BOUND
 0.50000      0.20000      0.10000      0.50000E-01   10.000      0.20000E-02  0.40000      0.50000E-02  0.10000E-01 

                         UPPER BOUND
  3.0000      0.70000      0.40000      0.30000       35.000      0.60000E-01  0.70000      0.10000       20.000     

                         C VECTOR
 0.40000      0.40000      0.40000      0.40000      0.40000      0.40000      0.40000      0.40000      0.40000     
  

                         INITIAL X
  1.5319      0.20556      0.30295      0.12238       26.420      0.41740E-02  0.60974      0.68098E-02  0.37119E-01 
  INITIAL F: 
 0.747844997573593351    
